8301
1909
6611
9710
6392
6474
439
4933
5353
3989
291
1697
9382
8983
5739
2113
9126
4751
6167
2703
6523
9616
1202
9883
9204
7248
833
7155
6093
2104
1000
9836
687
4010
8539
1400
4793
2566
7559
9967
3227
2497
7669
9348
2341
9316
7700
3857
3145
8353
8696
3729
999
8380
1601
1976
3922
8004
4681
8562
545
8383
4300
8064
1824
5218
4893
3882
8586
4566
6432
8374
5439
4196
5259
1652
4816
6682
441
3065
86
4433
455
2955
2530
1840
4945
5001
9915
2467
2005
7116
7985
5116
9491
3472
1284
5334
3836
5201
9898
5617
9138
3174
1159
9578
5474
9871
7607
8532
2791
2969
9959
6752
5475
1515
8112
1873
2123
7717
6421
6767
7469
6917
2541
1817
5978
2080
2670
1460
4692
670
7693
8105
102
4267
7520
2472
8881
7976
3639
3552
9619
8490
4442
2592
5157
7371
8327
1190
5885
1471
7666
6028
1804
8524
5364
7209
4477
9390
2763
7411
9188
2507
2339
2704
9049
6903
5386
5052
5610
7188
4672
7768
728
8770
3218
7627
5807
6458
7967
5487
593
1392
6904
8750
8809
6178
812
2708
3954
6283
1113
8747
7151
2149
6179
7509
2888
244
4738
9745
9677
4449
7701
1438
9563
2111
860
3219
1296
9437
896
9428
2213
6104
5364
6250
4703
8320
1739
1809
9800
3583
4585
3319
7056
8737
9776
4164
3545
8765
3181
7275
2634
2416
5393
4649
7973
6385
6259
8986
7853
6718
2530
4739
9178
3324
3704
2789
1346
3520
2646
9005
2012
475
602
2129
1156
6920
1270
8377
2932
1850
8041
4903
1757
7209
995
3816
6173
7968
2193
8858
8686
976
8971
9679
9404
7290
5682
7240
2459
6891
7759
8813
1166
1981
1632
4713
6246
4092
7722
5379
1160
7560
6961
2511
1227
1490
2192
3681
2521
5387
5777
4313
1747
8089
607
5670
1738
4857
2033
5789
3896
474
2756
4641
9721
9416
3527
2868
497
7402
8047
5101
8505
5120
3988
1961
311
3014
8533
4050
9312
6036
9173
7631
3836
5988
5211
8203
1254
6304
1961
9434
7076
7260
3680
691
7856
7069
2336
8310
1977
8508
8982
5138
2026
8488
4940
468
5444
580
5603
7306
5198
2675
8257
4915
6927
696
1913
8310
9354
2139
1997
7607
8679
5626
5282
8644
8402
6095
5892
8224
7216
5531
1581
2989
5421
6924
9259
6979
3306
6410
3919
7230
5867
1616
7197
2652
4208
387
684
732
7072
6022
4747
3233
3422
8589
8046
8819
1201
2748
2498
1793
9561
6437
1428
804
7041
1171
4792
2210
6254
1843
784
5754
505
897
3038
7424
8539
5366
540
390
1221
5796
8672
8408
182
2281
6583
6616
7899
6761
7404
1696
232
7206
7196
9854
2645
4187
2195
6235
3816
372
1237
1635
8322
300
8478
7437
9569
6184
775
6599
9347
9675
8499
5728
3371
8801
6530
6089
3094
5628
1107
2386
2367
9043
6254
3329
2647
7200
7923
4937
7432
9
5883
2221
6972
717
5338
8743
1510
3730
9445
3334
7765
6544
3407
6248
241
6621
6652
2256
252
5665
9363
1113
2492
2352
8832
7828
6799
9181
3571
2824
1583
7689
4436
3624
7310
5295
2079
267
4626
4565
9942
8901
1115
3095
5116
325
4323
4013
3710
102
3781
6976
5746
5181
1090
9700
4324
5482
978
4941
1327
6500
8799
5455
6867
1645
1987
1965
5262
1288
6110
7531
5742
114
9103
8346
2566
4128
3440
7601
8703
1916
7333
1003
3998
3601
1846
2728
9164
8546
3879
5225
9712
7648
9827
8033
6849
4171
9444
5266
3153
4209
7081
8801
1094
6529
7878
3908
2802
5899
1938
2002
9763
8492
1104
4929
8602
8358
5578
4756
9039
7585
2675
1274
6839
8172
4229
305
9383
9933
5992
2669
4403
8909
4032
47
4502
5025
6037
1745
1096
4377
7469
7988
5312
9648
1374
8911
4620
6117
290
398
1330
4258
8464
1755
7129
2543
7942
7541
3127
5055
9032
8939
7104
3947
5218
3790
4033
747
3275
7257
2926
5021
540
6400
2540
9719
5351
9775
1863
90
4960
7478
9598
8726
4731
4311
2194
6689
1987
3928
2237
4089
8036
9691
862
4783
2500
1110
4062
4149
170
8065
1245
3164
828
8960
6800
4558
7438
1917
2464
8072
3505
37
7069
7916
1165
3669
1664
3117
479
8327
9252
8926
3223
2712
4552
1311
2400
43
1000
135
9149
7512
5687
2520
445
3049
2673
8419
7143
7470
2729
1366
7051
6969
7700
7472
4570
6465
1608
6106
8610
804
716
3156
1376
3113
2627
7014
3550
23
677
8554
8088
3194
2394
4374
6806
6142
3980
2048
6302
8771
2066
9902
7701
2760
3371
8766
1019
958
3540
1797
7436
3521
3987
4182
3912
5550
5076
6642
8930
2250
8505
985
9499
8256
8259
5528
1407
2061
7927
5048
2897
1820
6078
1188
7456
1517
1365
3234
9753
7233
7634
394
6404
3259
3906
5970
9728
9592
7755
684
9180
136
5983
8705
5138
3702
9390
5309
8439
331
4001
713
829
7081
8239
9212
7588
9786
6122
1650
4250
6787
5345
6311
6416
6346
882
5499
2057
1110
6495
7179
742
7270
1710
5726
868
213
9883
2557
2729
5860
5568
1037
2635
7570
219
3187
9020
4430
1102
2732
5333
1172
8258
7453
5114
8826
3559
1513
9982
60
3658
7608
4047
6006
2977
2896
3021
6357
6731
6654
9145
8008
84
4825
4599
8196
3869
7778
752
1284
3646
4702
300
2198
2816
3492
1545
1665
7903
2187
4564
2536
6171
6083
1463
3282
6383
1796
7962
5851
8660
6224
2675
1990
9685
5862
9354
8398
9478
7047
4070
7557
3801
2486
179
401
3830
1092
1050
9233
8286
7515
7966
7732
8995
5514
2519
2333
7674
3977
9849
2868
6031
9326
2846
126
2589
3170
1066
8927
2686
9086
7653
4313
9824
7415
6889
7807
2773
9345
3958
7686
4038
3201
4068
7830
6369
3209
4194
8553
1997
1283
4551
8685
8704
5820
2363
5680
6439
5076
7470
3036
6154
7795
246
4747
660
3317
3378
652
771
3634
5770
5147
6572
3614
4942
4047
6852
8677
5916
6219
3077
5159
286
3810
4285
6590
7971
7659
6523
6466
7845
5914
9768
700
4269
2044
686
3426
5147
8825
9337
1044
4228
8985
9408
3701
4279
8555
2067
9709
928
8785
1874
928
1842
7237
1662
7490
8870
3695
6104
2705
8541
8245
1749
2805
979
8374
1556
6670
7099
2305
9419
3825
2241
8879
3995
4593
6113
3652
2615
9426
398
1060
7260
8520
2441
2184
2683
8006
2432
1012
9117
6989
4594
1194
8510
1530
8329
9636
887
5751
2969
4801
7850
8594
4896
8246
4618
5904
336
8551
3364
5296
1084
4569
9396
2233
4195
8075
8179
9622
5681
637
2289
1537
7797
8730
1846
8936
480
870
2692
8767
6412
6232
2085
1163
6027
9149
8104
934
3726
3517
7552
6587
5706
6309
6767
9141
1017
8455
7932
5387
8815
2033
7881
6523
3014
4024
398
7123
4957
9337
1946
2830
3677
1108
8692
128
7583
1983
9967
6029
4682
4957
2415
2917
5110
9519
627
1548
5935
9804
7257
554
8373
177
2694
7361
1638
9542
2396
4716
1973
1075
9052
134
8406
1054
8292
2356
3397
796
7412
1827
5172
5678
8058
192
958
7681
3045
3200
9490
3035
9798
3160
9089
3857
5148
4682
6652
198
7279
2502
6034
8752
1593
1998
3602
5257
6938
2858
4196
1688
5374
133
1875
4218
1648
7553
9157
5316
6280
4742
8447
5438
6865
3069
4715
2384
3398
796
6130
5512
8954
9837
7249
5718
5567
3300
3865
565
8945
7988
8742
730
2353
5600
5671
6075
8041
4658
304
2719
2041
733
804
5527
703
7751
973
2578
9675
3994
4927
6509
3143
1856
2408
498
6770
1143
2635
6486
1413
4740
5524
6542
8513
9471
4014
8510
8312
7442
6002
7363
3646
4591
1942
5608
8227
326
5797
670
9178
7072
1103
2667
3512
4201
5283
3230
202
3456
8026
7491
7125
363
3719
8483
3177
3972
8912
7841
6842
6789
232
8821
795
263
3350
2186
6372
1979
3088
1733
9698
5497
9956
6369
8698
8549
744
3680
8885
6256
8214
1226
4943
4608
5441
4060
5574
430
5471
8549
5168
5545
3439
1476
6069
3601
8800
6859
3678
7074
4388
8381
313
406
4334
1095
9548
2316
5457
8702
1384
1643
5749
297
3554
5753
2810
1160
7084
8737
6011
3417
5823
5091
9900
5512
2695
2913
6660
5990
9613
2120
7313
2165
9767
193
6095
8762
5261
668
3019
2428
2646
4538
5879
4245
4946
5570
2097
8946
3860
6759
3513
4494
9474
1130
3097
1982
9683
675
8616
7175
9017
2529
9984
1557
6202
6098
6768
6973
6338
9695
2699
3970
4567
4868
8431
9043
3173
5180
1069
2140
3511
9503
3348
1027
556
491
9170
3112
867
1745
7017
5783
3221
7137
5707
5984
6178
4405
2209
7213
4337
8231
868
1801
6112
1660
3467
4988
2663
3259
5522
1228
4673
1308
9374
2653
4302
3801
9068
901
198
4690
4174
728
2176
4901
3099
6809
6088
5018
3491
5242
8943
9781
1909
8960
8994
2695
991
6641
9251
9092
9177
9666
8842
1509
1540
3816
4860
8200
3623
1095
1893
8790
4811
4044
5717
7919
2767
2386
7286
5121
4985
4696
8848
1511
727
5050
7361
4876
4068
9021
8065
5556
3016
6414
6107
994
6919
4490
5434
6828
718
692
7954
4402
4643
7365
3620
7889
4325
6734
1774
5026
2543
4431
615
9998
6796
6112
1580
8865
7851
9630
4160
4075
1165
5886
1964
945
9645
4727
7708
3596
8027
6328
2311
4541
510
9480
4332
5333
397
287
6113
5118
7553
7301
8031
7542
7162
5404
5856
2536
7722
5182
155
8192
671
7362
4253
6162
614
6201
5097
9947
2229
529
3007
4369
2739
2668
4420
4455
1475
3543
1226
3181
9118
6886
5706
9301
7616
2171
5368
538
9356
4892
5334
1386
8234
9667
4450
2294
2193
9839
3670
2955
236
803
1584
4528
3375
4567
5350
4077
4146
6495
1722
9874
5096
6019
9940
2704
4584
5236
6844
9782
6166
5402
3544
8638
5943
5329
4233
1115
6474
987
7977
6212
6920
4293
7517
5559
9072
4048
1375
8058
512
5462
5644
462
6580
4951
5280
6630
7921
5582
4734
1380
6681
9779
6070
1582
8174
807
1797
5757
1907
8727
6082
565
7925
6142
8235
8339
8569
811
6678
5550
2650
15
3448
9595
8910
5965
9342
9082
3331
8716
833
501
4138
997
845
5569
3532
1126
5678
2635
8637
2616
2104
5450
1038
191
6488
1178
4198
8028
3886
4347
765
9108
1915
8898
41
791
3364
1535
2917
2731
5367
7243
768
5335
2807
5156
7697
1978
6819
2257
2981
8996
6485
3305
4116
9252
6356
5365
2979
3783
3095
141
8864
6645
5644
7087
7451
6562
4295
3095
2025
696
7760
7042
2721
6516
5164
9179
542
2272
6554
5675
1047
929
925
4970
8334
5815
8347
8502
6059
8576
3177
4619
5551
3928
8389
5580
1850
7033
283
1989
7498
5542
4878
4090
1662
7451
5119
3244
4068
9466
4167
9154
5305
2962
6159
6092
8779
4646
8187
8455
6812
8582
3015
3025
4720
7739
5342
4244
1515
4915
5084
5920
9467
2995
7709
417
1883
449
7596
8160
4690
1114
6840
4702
4926
9857
4214
6521
6681
6566
8781
8578
3992
5650
4622
5480
8331
9862
1714
2206
480
7416
2155
6588
2433
1542
3924
9811
4755
658
7387
178
4985
3026
9421
5160
6377
1913
147
5746
9281
3444
7449
4432
3018
2742
291
3555
2559
5747
960
4417
5067
8481
4886
4679
9305
6087
5933
3891
4564
9474
2497
1473
4654
6281
6330
916
7642
342
8466
309
2266
7940
682
1239
2077
6032
7500
5924
7699
7536
1798
4591
568
3886
342
3217
1407
7633
7189
8256
1261
4969
7803
4208
5510
2899
1501
3065
9064
1835
2166
598
4625
613
2740
1353
5851
1080
3252
4613
4615
3902
2568
2494
1673
1424
2100
3373
2570
4812
3231
3879
4205
9068
6013
2956
7973
7726
2188
3091
7652
907
996
5286
7478
2871
846
8596
1663
8104
7094
5747
9133
4360
3442
5681
6511
9357
6061
5815
1186
5365
7638
3201
5345
7371
7908
3734
5168
7347
9726
1407
5707
4982
5273
1803
9754
701
5143
6690
4727
9130
279
4556
9877
7475
1860
2677
1425
6227
6048
4341
202
5268
7271
6685
3026
6785
1127
7836
3317
1180
5906
3529
7849
1782
5443
2705
1093
8963
8203
4296
4692
1672
4811
7660
3219
4701
2575
49
7720
4995
5433
8250
7418
3423
8747
313
8439
5477
1629
1230
9835
2663
7823
9104
4049
8219
9482
762
8679
5379
1569
2456
7485
9665
2765
8062
6872
7984
6756
5130
4701
7807
776
3017
2160
7965
2228
1811
4681
6497
2123
3655
1365
701
6528
6320
631
3169
3756
4998
2192
9005
6573
7162
5764
8055
3412
1882
6247
9174
466
4312
6062
9390
5347
4911
8392
1611
3662
6217
8488
8778
3230
2619
3324
220
2644
6212
2439
3117
2325
8722
6847
5665
6149
2940
1934
8432
2005
6196
7473
3993
2920
6221
442
6238
7685
8366
5778
5973
5646
9756
7775
7551
563
41
9678
7973
3691
5537
9491
2557
1952
9958
9649
9441
4161
9627
1373
4506
963
9729
7733
6014
3227
3414
5779
6739
3455
4337
375
4071
7170
2233
1411
5214
8726
8806
8767
8120
1592
4556
1041
3879
8706
4204
4450
4993
6231
2457
8546
8275
4629
8129
4615
5177
8481
3203
2081
8509
6561
9690
8867
6334
6428
1705
7248
7091
3342
7658
6331
2938
6839
6560
2225
2047
6920
4188
9830
6747
995
2143
345
7704
7460
72
8086
8033
9909
4847
6418
7722
6996
1368
569
6807
1885
8719
9124
3623
7837
3937
9344
3815
456
8389
3655
8481
2190
8761
9274
2275
5947
5180
9082
7304
3126
9808
8515
4748
8328
4287
6530
6872
1732
7843
7988
832
7835
1309
9519
9627
3923
5201
8165
9440
3721
109
4348
8620
8655
1133
3562
7023
4107
9151
7807
4167
7833
4949
944
285
5395
7816
1230
3357
9073
7009
4835
1398
2444
418
4420
9719
4456
4386
1391
9051
6505
3445
4215
9863
165
3452
1341
5437
4795
1695
8995
7345
3761
9560
5797
4352
3255
3199
1085
2442
3335
6861
1067
3280
3884
2658
2120
7800
652
4568
5861
6703
9170
2081
8032
8336
3011
9597
6206
9496
9437
663
3309
4888
6967
9472
8514
583
8377
1118
472
5356
6896
6616
3368
7727
7650
3437
2138
8977
9269
5
2510
3332
3122
9136
8323
4152
6876
8038
6014
8724
2526
5250
6004
7293
8902
9523
3271
459
3889
5432
7143
9699
8936
5112
2242
1741
5490
1692
1912
230
7384
2295
3309
6995
6139
3514
8017
1160
6434
8594
7202
4531
9850
48
9702
803
4764
3406
798
9275
7856
6235
8093
9515
7813
8518
3195
3413
7792
3472
300
5649
4892
8051
5218
9555
6049
2075
6930
3053
7124
1003
7793
6751
983
8583
8009
2484
2250
5687
3828
6919
4096
7164
7020
7702
1176
718
5036
9518
6604
6440
3358
1804
7298
8661
4099
9988
6117
3530
1165
5152
8713
9605
2421
6859
5872
8556
243
7656
6348
8115
3738
1615
2494
3378
4249
7977
3322
6078
1349
4527
2770
3487
6940
7576
8372
6879
4815
6473
5837
2089
9744
6795
5036
6628
9863
6533
821
5039
904
4261
5782
7663
3484
4681
891
8582
5155
6623
5194
4729
4503
8553
661
5825
3192
4947
2273
4596
6689
517
1258
6408
3620
5393
3253
9668
1169
2365
3530
5508
9276
1916
756
2775
5114
7915
4783
1016
8855
5108
9942
2073
4169
934
9050
4132
6085
9138
9980
3189
2191
5488
1503
9314
8616
3021
1738
6437
6447
6752
7729
9821
9657
7078
8890
9475
5092
4665
5134
8165
1535
5338
6064
5428
2287
3147
2855
1642
7246
8427
7657
7215
2661
8082
914
5211
9159
8639
8583
8595
7058
6398
7839
8820
9525
3192
7178
7209
670
7412
220
8717
3380
6259
193
8094
6505
4155
8069
839
220
4065
7451
8953
567
2017
329
5634
4523
5794
6223
5742
9437
8140
4746
5933
3006
5473
1719
8475
1390
4734
3019
3052
392
3054
5380
6470
2028
3657
3976
480
2143
1090
9804
4362
4492
2228
1455
2576
5160
6234
5817
2421
7308
3284
687
1090
2014
3991
7687
6054
9654
7828
5783
7921
2480
311
9175
1674
9574
3644
5661
633
1631
1688
856
391
7179
9122
5982
1100
5
2623
8990
1195
9331
8593
9402
690
1849
2497
8410
4756
5977
2924
271
5790
4570
1863
2523
1766
5565
2248
1070
35
7653
2243
6950
5150
1429
8397
8280
7343
8658
7153
7285
5917
2663
4782
1212
9849
7521
4792
4821
1819
4705
3243
2106
9423
671
8417
9310
5021
7695
7198
476
8081
7607
2834
3873
9386
9317
6098
4547
7039
2502
1247
8272
2237
4973
5484
8777
3462
8372
9894
9645
5332
1104
8410
7822
2061
6725
8951
2012
2852
1065
7605
3736
6210
8778
913
2355
5496
1839
8406
7478
9692
7446
367
8165
8487
8314
9905
4788
7371
4081
5213
4652
6197
9452
5471
4446
1809
9673
8559
1791
2699
9603
1379
1054
1444
1805
8553
3912
5868
9670
621
1109
2671
8486
8815
5577
8447
8838
4794
642
6129
2341
1886
345
5736
1339
4716
2534
3597
6063
1735
8411
8807
2606
6194
4692
2486
5855
2587
5084
3683
5576
6736
7337
8917
2678
2224
6120
585
7219
2183
5764
1994
108
4472
1588
3497
8673
1702
3590
5494
619
3006
9452
962
3739
4586
8993
9813
3681
782
703
3066
661
2377
6609
1291
6092
8797
6175
5553
7161
7040
2884
9771
8784
7272
4805
5725
6576
9187
4234
5013
6924
8083
8411
6558
4068
5546
6599
9089
7339
8953
3392
6455
3629
7908
6920
1703
4171
1495
1243
9033
3398
9593
5559
6308
425
4404
4106
9173
9792
8473
533
2811
5490
8702
9627
2060
8529
6135
6647
2585
9495
7119
6896
7665
2462
1792
2682
9816
8932
9384
5471
7701
3339
9159
4475
6892
7231
4774
6812
3786
7011
7871
5007
3925
41
759
4513
7384
2162
3612
8853
3517
4179
6792
6624
9832
1410
7297
3601
8577
4648
9111
1055
3608
9799
6554
7563
8583
7946
9346
1313
6690
2677
5581
2907
2479
3067
8346
2891
3583
1189
7748
8680
6200
198
7961
9717
4983
8488
2280
1003
2501
300
1520
9668
7120
2395
8685
7201
7930
5922
1441
6789
2463
5891
7970
6291
5789
5351
7978
6585
362
6579
1206
2788
807
5124
9359
4127
9538
4355
5525
4164
1778
4129
6958
1326
1077
1433
9395
7003
9820
5728
1548
6906
602
6074
8164
8061
9497
2243
4912
3230
4790
9522
1418
772
5578
8358
1656
7755
7931
4150
9314
8861
7276
6635
8983
9287
3366
357
8544
5392
2689
2553
6247
2075
2058
5440
8025
400
5414
1069
137
5118
3815
717
8576
6503
3904
7636
7294
2317
38
9255
6028
3768
7049
626
6866
426
9385
1420
9096
6597
4990
4503
699
9108
5947
1564
555
9297
649
1673
4566
9377
225
9298
7772
1967
4685
3762
4641
3307
7341
1442
23
3473
9145
7650
3500
2332
114
8837
2603
7919
7347
4440
6161
5785
998
5467
6321
3904
1243
6826
1527
3768
4392
1382
4219
8562
288
5160
4352
9103
9002
5262
1469
4944
9512
462
9034
709
87
148
2336
5171
8456
6361
5310
423
4074
4298
6472
7113
5353
7688
514
6229
8199
8687
3534
4131
2371
6486
146
7670
1223
3040
8748
8736
1225
1918
8829
1053
6738
7641
1950
2656
3270
6728
8923
371
9621
8303
745
5626
9884
2511
9042
9688
3441
7929
2226
4589
6797
66
4148
6438
543
9420
3959
3418
5582
8827
9270
1843
2179
9315
8486
8143
9709
211
9243
2032
8286
6058
2722
4052
7092
1807
9716
470
9177
4357
6927
9677
3791
6986
2616
1764
3742
8347
5906
4171
8361
658
576
7215
5754
1517
6196
1372
9946
4994
8134
2226
4964
2932
4443
9517
6310
5290
3911
3095
7923
3969
9238
533
1653
8383
3132
449
2735
8962
7892
5448
2462
7705
8328
9249
8721
3294
2631
1465
2175
1213
3019
9645
1547
340
9022
5846
5475
4390
1169
7906
7938
9218
4952
1795
5314
4964
6585
2251
2247
1033
663
2764
4152
210
4864
6782
6225
4163
7618
1026
2349
9303
1652
898
5291
7215
4449
5593
4270
2944
2039
4014
8597
3106
1127
2384
2968
2846
9738
754
5042
7290
3685
6093
1142
5233
4248
5350
8499
2021
177
1054
8224
1331
4461
2771
9697
3778
6669
5319
1957
5452
9473
3147
5418
2484
9468
5029
94
6042
2686
9572
7999
715
8662
7859
6651
4594
4670
6987
2524
8577
454
321
8719
1686
674
9611
8753
1532
1052
3329
2619
8539
1298
9208
6966
8573
114
6515
623
9801
8575
8123
6769
772
3795
2622
4739
4998
4439
594
5779
6143
2960
4844
423
9178
7395
4910
2901
6624
524
4498
4026
6242
8146
4648
9832
1530
8724
9199
6659
7818
2430
7234
5397
2520
3160
181
2236
8105
740
838
2973
2124
671
7932
7932
3251
4846
2750
6176
6311
3462
3385
7086
7074
8710
4626
8145
9091
5977
151
6280
5104
8551
4095
2730
1424
2011
7078
994
6502
9022
6524
9400
527
396
4431
8298
6164
5888
2514
8842
9623
4641
6482
2930
9796
2237
463
8282
40
849
9301
3130
8500
9651
8041
7779
9079
3137
5521
535
7090
7222
5986
4317
5931
4981
8982
57
8604
2493
6092
3475
8454
4259
6137
7318
9434
7279
4936
5893
2032
134
4507
1356
1099
3935
4466
3367
4150
5097
3753
9378
5764
5936
9902
8261
8037
9494
152
8344
5703
8948
4225
54
6909
6009
9823
803
1572
4609
2855
9416
2301
8533
748
5876
6218
5710
691
5824
2761
8269
8153
5584
5678
8650
3245
861
1760
2137
7862
4500
4228
8332
7001
5107
8686
9996
581
8579
5828
4701
1781
9041
857
4783
1428
8630
6153
3649
4561
6179
4655
680
392
335
2354
8453
9292
456
8988
2703
4857
446
3180
8823
9908
6426
279
8411
7870
6420
6506
5275
392
8304
4347
6958
5342
6707
1473
983
8700
7306
1907
3197
7514
8726
5214
4119
8603
4979
6746
4370
721
1753
8626
7295
3606
9465
2670
4889
8215
1910
2642
6223
1168
7000
4274
6810
3780
3590
2899
7020
4970
62
3521
9959
6431
5751
6209
8789
821
1985
7737
6829
4884
1719
8359
6291
6365
9603
4160
926
2669
7097
159
6608
3040
6066
9767
7322
610
5367
9928
5069
9488
7051
2737
3846
299
2428
8502
6471
1596
1691
2541
9001
2857
1368
7481
8050
4062
4653
5017
2243
2714
2929
2160
275
9335
984
2501
5811
3164
746
8151
96
3539
8290
9882
285
7582
3365
1421
9962
2421
3310
1795
4270
3239
8482
6500
1190
4295
3772
724
3270
6449
6420
6999
564
4552
2078
6345
905
4494
5568
9103
4958
6218
7074
7838
2222
7420
607
867
2539
3334
7652
3443
3512
4047
9284
3916
8920
6625
7726
9440
670
6625
3607
529
1679
7862
4907
234
7657
7685
3236
1336
545
1359
238
9329
588
2059
4306
1805
2490
2891
2509
9728
4458
6905
3554
6686
1716
5349
1110
3633
4572
534
9065
3005
7357
9294
8201
5945
6618
5121
5199
4129
8422
647
2141
3525
2930
1597
9326
4237
9667
5117
3296
1747
2545
4887
1667
6993
2957
7632
2753
8353
3039
6330
3257
8815
6469
9211
1208
5952
7797
8708
555
3695
4615
2892
8035
6682
2314
1697
2150
3922
6878
9248
8200
6845
2859
3626
4152
6131
2160
8035
1376
9628
4905
3484
7761
5725
2291
2205
8523
2903
2890
7589
8393
4482
2756
9910
465
575
5293
5638
1104
7050
2716
3457
3007
5367
9024
7343
4025
1950
8914
2922
3678
8774
5804
7018
6032
8152
7103
552
8328
6530
4017
3098
9473
7581
396
2414
7068
3201
2134
3217
5476
9805
922
7950
5932
5221
348
6543
5232
2005
9999
8530
8588
7906
9031
3607
4521
6946
5450
4284
801
9971
5191
5184
4831
8323
3537
5836
5419
9240
6754
7891
9241
2183
7424
4004
6489
128
5313
6374
764
3678
4228
5752
4233
9953
9895
3578
336
525
7787
4854
5461
3575
1481
179
3967
2592
8190
6884
6193
7893
3352
1317
5681
1739
8828
3635
9832
6194
1465
7044
1698
8796
7133
9089
1057
8841
8014
1929
4647
9847
8580
8729
7883
3862
9147
1522
557
8730
8059
8521
4704
7281
9826
330
3124
9679
7823
7763
6075
5984
8387
3809
9106
1864
7619
1196
7169
2031
5443
4655
1021
4928
7081
3461
5126
3335
7130
6245
4871
8794
7610
9698
336
6479
2345
7195
1323
9676
415
6660
7203
7360
3058
7255
6919
6127
4253
2365
8380
579
9349
2791
9595
7094
2405
5736
9598
8092
6179
1269
1809
3930
2714
7497
589
6810
7006
566
1757
4686
8885
4533
622
2633
2978
6937
5732
5571
1089
8138
3763
635
8094
1069
3918
8440
8390
4816
5034
6114
6742
4284
8179
6228
7315
340
4695
5003
2345
5565
9563
7170
6425
1165
175
985
9333
2602
7833
4223
646
9960
3501
339
5012
5042
7158
4203
7468
7157
2132
734
4025
8948
7672
4066
5226
5079
2084
605
4856
4271
8485
9036
3099
2134
7955
7342
6183
7770
3913
6799
443
4505
8705
6345
7917
8726
1309
9414
7782
85
840
9025
987
2744
3916
4532
4598
2017
5345
716
6597
3472
4916
6465
766
5000
3707
528
2502
1929
415
8921
6012
7101
1033
5032
8130
3759
2452
3426
3683
9287
1485
5679
6731
6597
1298
3510
2255
2324
4140
7163
2402
2161
3104
3968
7843
6644
4112
7286
3045
3737
8595
9189
1602
4149
9047
5764
557
6641
5836
3105
9449
436
2198
3590
82
53
763
395
6132
1389
8815
7451
2016
360
8328
2224
4574
6791
4389
8798
8441
9092
2264
8388
178
4695
579
9760
2429
4100
8923
7949
6930
6086
4395
8616
7155
8695
1301
9537
8551
9858
165
3822
7274
8972
4663
3544
6508
741
2191
733
7428
187
4098
1577
3084
5385
7004
5865
6155
9589
7525
4308
5683
896
7639
3002
7715
9475
8455
5868
9861
5827
7062
3246
3180
6037
6971
6050
6035
4019
392
8428
2772
7511
3147
48
4942
640
8083
8851
8524
5748
9614
7621
4685
153
6942
2500
8943
2525
2132
7307
1146
5978
3762
8484
584
8393
7647
7990
7908
1996
6265
9172
3172
4232
6511
6529
5592
764
1541
9730
6081
9206
6223
6716
5488
5099
2382
7756
1151
5082
3662
554
3804
9569
3535
3600
9629
9558
3495
9486
8836
3909
141
2550
2093
442
7197
3504
8123
2004
7961
9545
6371
4702
8204
9296
4481
8688
5051
3580
3134
9242
5869
2849
9380
4439
9526
9407
8197
7272
2244
2038
794
9843
6478
3026
5289
2159
9012
5916
1368
7081
9136
6998
5750
1585
8799
6398
8314
2513
1173
1398
4165
2395
7571
7689
3223
2567
5611
2114
3603
7644
3325
2432
5073
9950
917
2100
2618
6596
3427
4333
4505
1210
7242
4439
1935
7047
6110
9204
2668
156
2422
920
5014
7331
5326
9444
7753
700
7248
9831
8743
8414
1036
5973
7421
393
6603
4274
6355
5561
9032
343
3774
5388
7840
9361
3496
5792
3663
3394
9286
3595
4146
658
1657
2051
3271
2875
8031
4791
5818
8282
1717
8070
7940
9373
6746
6323
4868
5765
6331
7384
5104
1882
4266
2586
3014
9687
2618
6499
6253
386
9510
1856
7030
4437
1004
8477
539
7095
4577
3210
7157
2516
5952
2710
7717
952
7951
5587
6540
5182
5042
54
55
7398
6299
7416
1765
239
1183
8668
7400
6627
7749
3851
4814
3851
9617
1213
4802
5286
4467
2062
4175
6955
1986
5524
2882
9196
443
7806
6704
405
7167
8600
1230
2102
9560
1088
2312
9532
5311
1356
8675
8157
4086
2246
4637
1407
8445
6206
2346
2472
2967
4324
5369
8991
6190
8458
1721
7343
8950
2412
9121
5214
9876
8527
4914
2657
3431
8177
1004
9510
4598
7009
2119
6386
1403
5400
8268
5803
502
5850
3778
3786
9111
5449
5376
2390
7620
1117
6699
8359
4943
9462
1833
1710
660
3222
7064
514
4239
8445
4125
4124
2997
5582
3763
3353
4295
6021
7424
3882
7441
4357
7975
601
433
411
2865
4179
5561
3657
1627
5197
2574
7921
7678
8492
2629
9675
7367
4474
9154
6362
5584
157
476
352
5766
7118
9011
1645
9989
6972
8140
2059
4561
9188
5676
1074
64
8384
3850
4079
3858
5422
3740
4351
3369
649
6801
4702
9946
256
4370
5895
9186
324
1208
4932
669
6637
4524
6071
3486
4305
8266
4986
1001
3224
5699
5038
2277
4857
5159
5783
7537
62
8063
1897
602
2576
1796
6348
6499
5389
2609
8761
2455
1436
2891
6755
1876
6361
8614
552
9244
877
4279
4425
6161
8155
2995
8257
4919
730
9285
6125
9578
2198
1617
7391
7250
7263
311
2211
3811
553
6993
1456
1451
1400
3916
2180
1736
3931
1104
8674
2101
1782
4536
6855
6479
7608
8295
9245
214
6763
7599
2465
4992
6719
2783
8919
9313
6033
6681
9135
6204
4717
5231
571
1176
8165
631
1270
9980
1169
5370
9598
2842
3398
3703
6988
2654
3060
237
5889
6976
6173
4215
6383
5997
7830
5913
7909
578
7920
1538
3034
6924
9652
5260
1007
4267
1381
7223
5071
2094
5749
2637
9370
9866
3707
1876
2122
3555
8898
2278
5292
9681
5758
5964
2191
4091
6989
8087
4723
459
3596
654
8429
1563
5956
7400
1480
7204
9318
7437
2734
2485
1991
579
9179
4013
1123
6299
3529
8031
8039
7373
7660
17
9121
5915
9280
2644
2112
960
9749
5520
2934
6283
1451
1153
1615
1848
6041
7223
1651
5739
4108
992
3374
1490
6815
933
7312
3984
6706
4494
3993
5011
8688
2061
9682
4359
5066
3905
8985
6201
4290
3130
4595
5092
6114
577
4116
1184
1670
1317
1278
347
8539
4978
9895
7091
10
3832
480
6038
3957
8000
87
2979
635
987
2038
5685
8967
4184
8979
9105
6924
7256
1093
3717
542
993
100
7153
6703
469
9437
5779
8718
1594
673
4831
3304
5699
8669
816
7379
483
1742
1044
7053
1854
2227
69
4628
4658
3318
2784
9970
751
2597
3290
8771
6578
7071
5488
4470
4228
3811
5478
4065
1991
3818
4687
6222
2443
7661
7119
762
7076
3908
6450
3176
9211
2458
4321
6374
4387
6108
7409
7480
4391
7796
4213
1737
1843
2059
5571
9073
7775
6660
4791
3529
1313
9344
5688
3629
9303
2743
5059
9583
6299
1627
8417
2236
4180
793
1641
9667
4852
3951
7449
132
814
5339
767
4785
2415
7071
459
4300
499
1898
2600
4132
1072
4134
1735
5117
1580
5989
2935
2111
282
1421
1228
2744
5234
2952
2517
5424
5722
2000
4061
3955
6830
3488
5412
2737
7688
1609
6646
902
8024
720
8282
1651
677
6960
4791
2662
561
6344
9419
993
2059
9960
497
8130
9831
1250
7436
529
3084
7663
7800
9060
8980
1952
7134
7396
2598
7945
1103
2200
147
643
8567
2287
3236
6815
6298
447
7087
7514
3446
2441
4088
5891
6796
8677
7729
6743
8914
5825
4001
4203
2359
2875
118
2290
6065
9035
3840
2460
3106
1022
458
8287
7471
8746
1232
2372
6280
4969
8964
380
7387
3723
7276
671
3096
5275
9490
5586
8261
6038
2348
1292
2972
485
1669
7463
6684
7470
6899
897
3260
9394
3857
3917
3426
6850
7907
309
6760
1363
1147
9509
5142
6135
4887
3219
8752
2473
8657
678
2634
5255
8669
2920
137
6418
708
6367
8864
169
4191
698
9278
7553
1120
8494
6486
2902
8590
6297
683
2831
5767
7913
3437
6655
2377
6479
6012
1766
6250
8644
9496
6845
7522
9342
1751
306
5
3065
8924
3794
3211
9915
8410
8613
7007
5652
2550
3519
4569
6856
2932
1655
2602
1357
2421
5108
4907
9253
5517
4091
5183
3591
7101
4652
4676
8808
6208
6600
6078
1485
7535
523
3824
9914
8063
2694
7139
1166
7855
9666
5259
9601
8428
9817
2824
4020
7962
230
9725
175
6669
9553
8143
3579
8615
5486
8811
1192
5867
6220
6582
2549
413
622
7047
2057
1052
7051
7759
4360
8694
6762
6035
9566
6709
5844
3720
9375
7326
3140
4847
8502
2548
2803
778
5054
5904
888
6804
9770
4924
4052
7028
2498
8308
8647
822
549
285
7642
8856
814
4045
9212
3586
4050
7375
1029
1993
2275
3185
4043
8894
6429
1705
6028
3158
7351
3415
5753
1449
4086
2302
8836
4036
837
2604
9407
7597
2821
4387
9885
4540
1196
9558
1311
6589
4252
9587
8456
3587
8876
1825
465
3983
1605
5931
4610
1478
1082
6977
4425
6493
5653
6360
3669
3598
521
5376
8637
2196
7873
65
5830
4265
8138
1751
3886
6473
9197
736
276
1988
5197
2180
7050
3144
8792
4140
2374
8679
4005
8299
4347
5901
3833
1853
5204
9403
1663
6793
932
3120
944
5705
2038
5411
6444
9531
9058
3225
2352
7284
3648
7001
1099
9721
1167
7915
6383
1022
6886
9205
3429
1367
5720
2722
2817
8780
3375
6442
2114
1776
9542
2371
247
8153
5704
9561
2598
1915
9402
5279
8761
7611
1893
9311
7653
8419
3633
1927
7665
5492
8077
5288
8996
4856
4608
7688
1006
3724
3157
5614
4905
8747
5179
906
3399
4624
5728
8559
2673
2779
584
7951
9066
4832
5159
8860
4387
1944
339
5060
8547
6901
8327
3453
284
8754
2322
8737
3976
9167
6175
1167
2896
8736
1756
4484
3384
3796
1065
2574
7758
5706
8314
8719
5216
3311
9401
9315
10
53
7412
8192
469
2889
1456
9168
6118
537
1928
1317
9277
8488
1392
3526
1315
6620
4203
7211
5660
397
7646
6532
8363
782
4962
7285
3457
4767
2851
987
40
7458
4821
4490
4374
5590
6754
7167
2811
7049
9406
1293
7178
7160
8010
6685
236
39
3745
9782
5556
3303
9684
8112
6448
7159
3481
5627
7142
4029
2120
7688
2310
4820
6943
3386
5802
5445
7004
9530
2442
6023
3619
7425
7080
8150
1814
2649
3512
7377
113
9565
8107
8849
1542
2184
3885
437
1296
1437
8623
164
6846
8534
8026
3350
9060
841
8672
3089
5475
6662
725
7199
3550
3206
7342
1995
5711
1519
5229
8218
5679
2968
9274
9316
3763
643
1019
1255
3026
9461
2213
4442
1526
6681
2185
4706
1031
928
2272
7546
7445
4346
1103
7979
137
2348
2230
1901
7499
4899
2057
5386
6652
1895
1956
1076
8134
5862
3515
86
3292
7388
7406
9375
5659
3247
4884
1725
6986
1105
9048
6872
6946
8856
8773
3742
6073
2948
6387
8866
7300
7401
2394
9544
2884
9590
3032
9317
3664
8348
8231
9769
4408
8883
5553
1915
2369
1891
1364
7803
3049
4755
84
6355
9523
3823
1083
74
9387
6030
4554
3308
5235
9661
9784
7745
4966
2284
5798
7175
6846
2433
2985
1747
396
4174
8213
6523
5607
5908
8217
2547
5276
1425
259
1967
3378
7381
6285
8887
6569
6938
1411
1254
2533
2327
44
3727
9863
2389
6082
2107
5856
3295
2282
8607
3077
5900
2799
1690
9738
7411
713
1201
2528
80
5235
2756
9988
1838
4903
2733
6007
5978
1809
3178
9333
6547
9195
3319
1689
5176
6694
3742
6086
4585
8095
4642
27
4391
7107
5214
9853
3188
6321
516
3252
8323
776
7111
6012
5901
9123
5137
5687
870
7845
6316
2841
2608
9830
1385
8277
9726
7527
7847
6596
730
71
6667
766
6184
3434
2590
7774
5875
516
6501
6307
788
2912
7333
9996
3415
7217
2239
6002
7964
4348
1547
2877
5456
8981
4419
166
757
3869
8827
7810
8971
6674
5247
1789
324
3186
9843
6775
1632
8786
3664
5131
7111
1687
341
1762
2359
1229
8620
3885
5464
3710
9584
7778
6358
6670
5601
9842
3193
7005
4159
9234
2142
9025
4386
8066
3784
9401
4218
9975
7958
5959
2672
8743
2817
8960
8195
7036
7361
3684
162
6211
7180
9561
8074
386
7634
3350
4487
9893
3668
827
3167
803
7739
5789
8163
4790
5285
8492
6648
2488
4217
6211
9320
3880
7203
8342
1636
2161
5129
9589
8919
4086
7192
5838
1585
3867
9930
4287
7197
124
4626
6963
5928
4032
6297
7559
5090
2302
2987
3193
4265
8966
4862
1820
8498
8496
9600
605
6432
8195
8488
6741
12
6410
9599
1464
1309
626
6571
5845
1817
50
2366
8631
2437
2419
2248
5114
6685
9149
359
8633
4036
512
7280
5688
6138
8622
2093
5163
8157
7688
6724
3525
9685
2774
6815
9415
9849
4617
1541
2953
5465
1553
1406
6462
3363
9717
3948
8818
160
7440
6668
2076
2869
2614
5487
2010
9242
8645
6072
4328
3814
8868
5501
4010
3682
4371
1690
165
1838
3200
9138
223
830
2336
1762
8230
8956
1937
5150
5635
82
9008
6594
1684
6463
1883
2520
4871
3011
5855
4975
8381
6596
8793
7956
2895
8714
4781
8291
9369
6415
2892
8896
6108
6860
8955
6971
9154
6470
4603
2338
971
5133
2674
2494
7746
7282
1660
7626
595
6857
7191
5288
6346
4560
617
6365
7466
8978
1270
1177
6536
467
4224
3138
1417
5112
512
2011
4250
7065
706
8587
7570
298
3139
3732
1361
9527
1328
2115
3960
4658
9345
5632
2432
6158
4634
6961
8932
9911
9524
7750
4294
292
1466
6992
9730
1791
4685
10000
2421
5172
5485
9367
5120
6093
6997
1885
1833
7778
7457
8039
6438
3470
4137
3343
1386
399
6970
2653
15
4167
2702
7427
5337
7501
9483
9750
6624
8768
2765
2997
2462
9016
3388
257
3720
470
974
3203
4262
7296
2182
9809
311
1453
671
8434
7606
234
888
6397
4740
7991
3912
5498
199
8034
5671
814
1067
4116
2824
4960
3975
1856
4028
6765
9093
3769
9146
2998
8999
9998
8872
5460
3101
3476
6895
2184
9017
3779
7928
9665
1584
4267
5366
5879
3885
1882
2946
429
1939
2413
4523
5588
6671
7535
7135
778
2466
2575
6226
6018
6887
9123
3340
7071
911
7447
9819
7064
1120
8209
4463
1771
7108
4642
5469
6040
8887
1275
8562
3313
9214
2742
3782
7108
3840
6219
1758
4408
7629
4291
4988
8472
1212
1960
2864
1169
3559
1600
8095
1482
1775
5838
8351
2656
8211
6856
9606
3823
8488
5041
3167
3195
1891
1210
6359
1869
2226
9942
6978
6448
4896
4923
9481
1286
8639
5156
5870
2249
9977
4196
1379
9239
7661
82
1594
8018
3249
3758
3228
9884
782
546
7742
1003
1257
8356
2719
2567
4909
2265
8012
1573
3609
4980
6969
8601
7016
2419
7841
1304
7519
6601
5398
6909
6047
7157
1779
6797
7610
8112
785
438
5358
252
5438
3354
6109
2324
1599
7276
8464
8496
667
8231
5581
2199
4834
3284
6402
1052
4825
164
3237
7540
8609
3116
8401
7681
2450
859
5235
4479
3122
6082
4611
8189
761
1969
5775
8940
9798
6442
8634
6725
9111
3489
402
9726
3065
9594
5632
9119
3010
8779
4457
1139
8413
9878
1448
4596
5872
1925
5487
9952
2791
567
9062
7457
5246
1462
7654
8826
5199
9682
1444
358
8295
1681
5302
9191
1117
4609
6316
1957
5948
9090
9119
3257
2431
9324
9965
8020
2898
7083
5268
855
4626
7103
9678
7398
8082
6376
7809
7971
3158
3838
1746
4474
7606
8237
8515
4782
463
4532
9902
8399
8886
3516
3371
6166
7064
7873
8599
9358
4240
1547
4016
7141
2565
9802
4626
5274
2482
1553
2264
9324
4884
648
2977
2821
222
4168
1139
1604
5086
3637
2466
2144
765
7707
9475
9135
6873
195
4294
577
1559
1138
3146
9172
7431
7561
8971
7033
9024
4338
9659
7362
5501
3164
4357
1540
4195
4837
6302
7964
964
9640
4987
194
3091
4222
6365
7005
5780
5445
6724
8375
100
1920
431
6476
3917
9733
6975
9057
151
5557
4449
2461
9972
6865
7769
5218
6367
1113
9796
398
40
9579
9653
1897
7338
1372
4582
2775
3541
9486
5424
8196
9795
4265
4185
6084
6897
654
8942
5392
9381
582
2258
9194
9126
7131
6650
912
5167
5275
1769
1157
8252
999
1015
7300
8085
5232
9533
4056
2487
9878
7761
533
6296
7189
5347
3446
6001
2703
4825
2499
5701
759
6856
3061
9324
5606
9273
5272
3674
1449
3293
305
7057
323
8419
991
3708
1187
4484
6558
406
6635
4537
4294
2737
9356
120
1753
7676
467
7363
4382
614
9119
3835
9627
9789
966
223
8593
9143
7136
8932
8128
4891
4974
1512
7303
86
4529
3695
9068
3154
8594
5173
9233
3451
8931
304
8342
6491
7546
4663
8893
2987
8502
4047
8532
6594
148
892
8547
5644
6176
2135
5063
9635
9281
4806
7919
6246
7528
5078
6252
1062
8815
6922
3166
3746
3842
2091
1867
3482
6987
2421
2301
8721
3704
2722
9560
1939
2157
8019
5431
5527
1611
5576
7067
5338
7133
3142
6378
8986
9480
719
5856
8733
4480
2200
4280
2277
9051
9149
5424
2024
1179
3322
3237
2076
220
7143
3230
3641
5667
1501
331
5088
1408
1642
7049
5697
9076
1694
8606
2987
7561
2238
1636
470
6888
4639
9683
6074
9766
1386
4270
2723
1351
497
8555
5000
5775
586
2031
3216
808
9501
7923
5419
2487
4829
1523
727
169
1254
5056
950
4977
4452
7087
7268
7212
3611
3513
1091
2935
532
1552
7428
4799
2025
2076
8717
4640
1261
5987
7321
7891
2432
9971
9299
9390
7182
7600
271
4563
4482
4450
6636
2232
9571
3471
9186
6028
5206
5243
780
7079
4039
9322
7793
4124
9563
7323
7406
5093
3631
3445
3692
8581
9492
8833
2574
1447
2725
9453
1549
9952
8765
2878
6488
8620
8942
4949
767
5601
1505
1200
2264
4579
927
2709
867
1211
2219
7517
3989
5549
5441
111
5214
2689
4573
5366
9495
9307
3485
8878
6032
9366
367
8015
1490
4778
5231
2764
6158
5281
1618
3990
4684
3288
8190
2537
1025
333
243
2367
5943
32
5427
8212
8719
2683
9500
309
6037
3230
5900
9148
75
4137
8860
6599
7624
3052
7454
8971
5199
5526
8141
5500
6053
328
4695
9062
3756
6480
1980
6071
461
8146
4740
2192
7859
1571
3208
3730
872
844
4289
7576
8638
3833
6944
7102
2885
2534
1821
5298
8403
4591
8790
452
8971
6685
5793
6441
6130
5818
8355
6967
5606
4895
3466
5082
8767
8503
2650
5003
2651
3179
4236
2684
1403
4487
55
4415
4703
5017
8866
225
7972
7864
8819
8669
7854
8355
5156
299
6304
8176
4495
7523
1005
5538
5421
3651
9545
2835
9880
4744
2149
5197
5303
1132
3314
4346
1363
8167
5922
34
9359
1150
7625
4464
2588
4009
164
7956
4383
641
425
1002
7455
8937
4767
2077
4731
675
2841
5704
6620
3409
1017
7540
3529
9794
2517
6866
2248
6953
8682
2842
6015
5675
9378
7071
5974
2440
9982
472
8623
6502
4830
8153
8200
2018
5913
9407
8942
6117
1228
5932
4305
9345
6296
572
4181
8535
2234
2635
1110
8791
2882
6731
8158
8674
250
8810
8271
6774
8589
5892
8323
198
5392
8938
2030
9236
7801
5062
8553
1410
4775
5762
8412
8781
3004
2241
5249
6859
5272
6698
7004
7595
5949
1795
8291
8358
3837
8543
6046
5253
49
3662
3331
2928
1787
8583
3176
7429
8234
9711
164
5159
6066
6214
7226
4550
4618
2190
1153
6594
258
9608
9525
3396
9948
1737
869
2761
8926
3710
7432
6073
7253
9474
228
278
252
7792
4627
8425
3451
1499
4332
8627
3143
6396
75
2845
1815
3205
5624
384
6034
133
3493
4052
845
8590
8162
684
1280
8560
1713
3722
3212
9023
3244
9107
7522
8801
733
4369
7392
3436
4249
8447
4782
9480
4931
8571
8856
4874
4335
7308
4902
9190
4056
128
2845
4948
6969
8559
9781
6162
1744
9295
4574
8110
9750
8597
8821
1689
3655
8369
3646
5118
7376
659
9300
255
5126
9539
4750
6358
3989
2889
2703
5744
9053
9075
9374
3050
3061
6726
4632
9248
1206
7746
2508
2969
5661
6372
8326
7991
4433
8575
9852
645
8694
254
9227
9742
9511
5946
9664
9943
5266
184
8947
3308
2536
1030
9457
9823
8068
963
8707
2365
9131
5738
8781
7743
5242
9555
4930
8775
4153
674
4493
767
9644
2056
8489
6543
1844
4099
354
8651
8997
3591
8854
2835
887
4119
7495
3701
7375
7164
6954
8737
3837
5303
2067
7461
4896
943
7464
227
2393
8202
7329
4494
2400
6756
4758
7479
8334
2851
3601
9535
9265
6799
9360
1076
2959
7350
4055
2890
6931
9561
7788
9825
1397
5174
1931
8523
2190
9378
9748
2046
1349
9258
251
8766
6511
6215
1753
6861
9993
5394
3785
5997
4120
8619
6077
9398
3581
5261
8492
6535
2749
2689
7740
2278
7305
3955
5876
3557
4265
5331
7220
3416
3442
103
1812
4773
3388
734
6185
2838
1244
6513
8712
5266
1443
1498
8684
9117
810
2048
1756
4220
9050
8397
139
3147
1284
5034
6958
5425
5272
1497
4030
7672
8812
4706
6387
8655
3397
9932
6451
2448
6331
6305
8239
6713
8203
2112
3707
318
4569
619
5515
9573
314
7963
5431
5095
5719
86
8562
5311
3016
9343
7993
4484
5479
963
6490
1380
3964
5486
8586
5001
5200
4429
2647
1489
6103
5554
5803
7796
1263
814
275
8588
4028
8616
3488
754
7530
8297
1423
882
3586
2263
4203
9804
7608
5111
6741
6088
3336
5842
9649
807
7149
7220
7853
1832
4771
4363
1101
6877
232
4516
5475
3534
8376
8255
1186
1990
8154
5381
8573
3938
4116
9779
8650
4965
1725
5235
448
7892
8411
1075
6374
5500
7786
3313
7086
4092
8351
2134
183
7994
283
2786
6245
5429
1186
7585
1067
1436
5425
8241
5299
2128
996
4875
3118
360
659
6547
3193
6275
4824
135
3192
2363
8781
7439
4446
9648
1062
8263
4499
6711
2331
3721
3428
8587
4857
6060
1033
1935
4973
5158
359
7820
8144
6579
6234
7565
8467
2768
1706
5024
1430
7588
3718
2472
7526
4686
502
4016
7598
5978
3184
8641
7538
1579
7471
7091
7389
7909
8687
5022
3388
4319
6959
9750
2021
3295
1700
9637
4506
4292
9668
8925
5046
3760
3485
5108
9306
4959
4970
7803
6137
6624
9873
9906
9164
7521
8755
7707
7271
2694
9671
5542
8142
257
7783
8368
2796
3718
5704
217
1235
8093
8114
1063
9551
9264
1783
6592
5405
4037
309
3222
8799
668
9546
2787
1434
2611
5728
3550
6687
7161
1480
7947
1644
5970
9844
1523
2502
2255
5587
3741
8510
1132
4728
6432
1527
7586
2141
3360
3139
4854
1185
3835
3276
47
5110
326
5337
848
1399
9098
4376
1646
7733
6718
1039
3036
8552
6377
5788
9246
153
515
5327
743
5214
6026
5152
6444
5886
736
2441
207
160
7500
1236
2551
9649
2127
3639
8568
7631
2016
890
6764
4812
7952
8736
6691
7871
2003
497
3373
6905
8361
1271
8939
9735
6030
5314
7309
7372
3669
4972
3794
6048
6597
4048
6264
422
5559
8734
7236
4981
7344
9829
1684
6718
300
6522
8814
1457
4642
1576
1722
7255
7459
7734
6895
5086
5876
5913
8152
7927
8414
7565
4659
4809
8485
7653
6214
7442
314
9596
7747
7681
3450
5757
8549
3142
4674
2983
2361
3377
2878
7103
1039
5195
2172
4776
4590
1579
4414
4613
4607
2086
5954
7834
7045
1074
5948
9481
7388
6981
8878
8811
8864
5014
9358
6271
6611
5321
7175
7938
6991
4111
1327
4093
9961
7626
8362
3067
7476
2526
4693
6627
2133
8791
127
8495
3272
5976
7170
3114
856
7334
125
9470
4179
9757
330
9291
6306
2214
7787
460
7887
3346
9576
7713
9029
6509
6762
2424
3808
5484
3586
2355
5167
4596
1099
8918
9491
610
5820
3731
3547
9673
3026
3583
7120
3126
2704
2813
7619
6180
9475
980
9862
6830
8469
3106
3065
2301
299
213
2770
6240
7369
5494
1012
6328
7486
2875
8718
2546
1152
9921
3890
9742
9456
6172
229
8037
4407
5775
5141
874
1323
1744
8714
4724
409
1537
2266
1092
6125
6142
3975
7240
7408
956
281
4225
2208
3036
6797
1680
6825
4816
50
3699
4023
8424
9004
8488
3118
2202
3157
3394
6651
2400
9192
4585
6328
8222
2283
2252
8172
531
3124
3265
2285
5561
7430
256
8912
2711
7149
3156
9789
7842
500
302
4539
4374
2906
9317
8108
4595
8867
2897
5501
1507
7604
4667
1047
6577
1632
3383
1832
7522
7603
6754
8606
2820
4299
7757
8115
5895
9198
8088
4651
9265
900
5262
8640
6474
1666
4555
9266
9383
2416
8103
5270
8667
2448
6819
6019
6143
5919
1702
3700
3998
9399
3607
5321
7584
4084
1567
8434
4170
9607
4052
5503
9884
7607
6568
9991
4894
8490
5364
6560
5682
1793
1103
4374
1187
1389
8809
9346
5631
2894
1462
5097
8893
7643
8479
7990
5517
5686
2122
1696
9032
590
5553
814
3728
2515
9721
4572
5934
4636
2619
1837
8540
3774
1518
7405
9440
9499
164
1922
5105
7250
5232
1992
9937
2149
4575
1809
5801
3604
4565
8916
4094
9915
1986
8356
8557
2361
3898
2767
5412
948
573
3236
2216
7065
2235
686
2494
1066
7832
406
6886
1228
3224
3224
712
1653
8625
455
2333
6759
9980
4986
1473
2738
1927
9484
2908
3728
5908
3242
5405
5488
3644
796
3074
9071
5922
1413
4526
4772
5614
7967
9642
8554
7162
6072
4616
7985
3619
9832
9357
3327
6407
7298
2259
1978
52
3553
2847
256
4377
2345
4167
3642
7478
9964
3186
3458
5812
7180
9887
6807
2292
2159
6442
9457
3808
6828
4610
8909
5385
5247
5260
6207
4472
2257
9310
1056
1364
9769
2791
8259
7581
793
7204
4270
2823
4796
7017
5079
7012
3085
2409
8752
2758
935
8401
7724
1876
8632
5746
6444
6265
3188
7396
4654
7789
8254
9332
9366
6726
5971
879
3367
9378
3179
5157
4223
6863
9286
5447
5067
6418
3178
272
1300
276
653
8303
1716
2027
5195
1735
3949
837
9470
7593
7210
8478
2273
361
5098
3481
423
9646
5657
5234
9616
791
5907
4668
5514
132
4120
8405
5658
2456
1167
6223
6694
9442
5778
1914
4481
5436
4860
3461
2851
793
5981
3980
6880
8759
7450
705
8799
6489
2056
6229
8031
1792
4200
3193
5277
9456
6436
106
9099
3941
5665
8058
3933
9103
5607
9522
4904
4226
2350
3119
7570
2642
4521
132
3952
9259
8171
4864
382
7192
8862
8567
293
5817
8267
8104
490
6019
8
6969
4827
7792
9361
2158
6631
3947
9854
9196
1956
5267
5094
2099
1276
9319
3625
2703
1800
7415
5769
8281
7169
4424
7629
433
5336
9095
4501
5617
5325
5586
5952
9705
4345
8110
5376
5092
180
2489
8099
6419
8125
3771
2938
861
8459
3249
9048
2593
862
2042
617
3122
8848
9115
3747
2665
2402
3423
2098
8219
1816
1075
8551
6285
8301
1326
9456
9752
7436
6300
9599
8052
4211
6677
9941
1358
4014
4007
2973
7619
3100
9840
2369
1755
9936
750
5537
8597
9559
2748
3040
8337
3842
3286
533
3402
1743
9979
7324
109
8406
7674
1326
564
4646
9758
6614
5886
6018
4145
5066
3085
8899
1500
4850
9173
3435
7249
1899
2808
3635
1441
2102
3304
6430
7836
8084
8124
979
5707
239
428
1914
3680
4155
271
9572
7115
2258
3520
8061
5398
8884
3554
6733
3087
5409
248
2812
9384
6811
9320
9907
987
2325
9643
4402
970
9903
5691
4569
4422
6372
6614
9067
6839
3777
2605
4453
1869
3202
4915
4630
5672
6706
6401
1367
195
130
7581
8
3799
5990
9119
6869
3473
6054
4034
6817
8912
3019
8889
8770
843
1544
4128
1912
9331
2910
7280
6787
8021
8874
2928
9164
3788
9498
6905
8975
3608
1891
7518
7014
4622
6446
885
477
7857
9911
1948
396
3102
902
1778
7893
8162
3849
2302
786
9690
5277
8122
5135
8767
3245
580
2410
390
7149
4993
756
7080
9388
1362
6410
3637
9844
6337
3740
1257
9895
9317
2561
246
195
8178
2974
1256
4107
789
2598
1157
3628
4158
4154
5937
7591
9333
2603
4394
7748
1596
8750
2287
6936
2279
3013
7739
5980
1666
2749
8413
7142
4404
963
8757
6437
6586
7510
3333
6278
1745
5928
5094
2589
6993
9674
3339
5338
3552
662
14
3515
174
57
1860
5801
6276
8111
5602
3278
1098
7465
4215
5650
881
7199
8763
3655
506
1560
1065
591
6974
5278
607
2664
6311
2280
3130
8238
8256
3193
4212
8610
5014
2605
3640
7207
7109
8873
117
1119
6830
470
7831
8040
4157
7918
467
3484
6940
3573
293
8926
5896
8859
4882
2038
577
6900
7610
6134
9040
6983
3249
2588
2637
5485
5327
7957
3902
9599
3489
4611
8785
2498
868
1576
767
9642
1716
3711
4945
9294
2492
4161
8443
1470
6094
994
4045
8981
2403
6552
6806
5017
2549
8073
5411
9049
9749
4393
1037
474
5402
5308
9948
7872
4580
2452
2213
5594
2050
6562
9245
1137
8581
3056
2701
5287
8042
2714
7649
8884
2974
7724
2903
5499
7982
2594
7417
7668
3023
2608
1054
9911
630
6405
5934
322
8809
5500
4175
4071
2092
84
9572
4749
3981
4903
5217
896
9442
1595
3538
1432
8347
3420
4846
408
2123
1284
9601
5058
3011
2148
4177
5635
8497
9899
1589
2918
5059
4169
286
9673
3160
6387
1898
1465
1539
522
8974
4670
9119
943
4373
4274
8140
3354
2359
781
5436
7014
5109
3958
4198
856
4685
3073
3456
7601
7508
4658
4421
4939
1251
2257
2924
3589
1388
6474
1968
2581
2051
7291
7817
5477
8439
578
5926
7174
2492
9425
4053
4268
7955
4057
2581
6806
4051
9502
8956
2535
1166
2519
8227
1712
4522
6148
7513
5705
5474
3325
5360
4776
2536
4596
8824
7207
4987
1599
5146
8097
8696
7956
3935
5690
7467
832
2699
221
3330
4825
3305
4444
2695
8715
3518
7660
794
5231
6130
3197
965
2847
835
2909
9492
3041
9815
167
9034
6164
1998
7661
1096
1001
8116
2130
3855
5027
4913
2579
3251
6621
2545
6221
7157
7551
4359
6134
1876
2213
3811
3735
8766
3498
6649
378
3731
5290
9725
4366
9655
6518
2687
927
2429
7114
1886
7235
5625
7722
4736
3229
216
6488
7902
8733
8481
4036
6878
2666
8574
9430
7056
2330
7348
7635
8933
1743
2091
6364
5474
2443
1004
4820
2171
5333
5898
7703
7196
4816
5426
2730
1729
8536
7891
396
4406
9158
5013
5950
2644
6069
671
1943
602
9766
1422
87
5493
5462
5755
4992
2303
8672
4150
5746
4253
4195
5134
9277
1303
9666
4888
6528
481
2221
9954
9830
818
4995
9220
8360
526
4828
4168
1218
7666
5472
8346
8241
6653
736
5519
887
6594
6034
8116
7339
276
7346
1903
3564
5289
5252
3482
8640
3883
7641
2438
7272
1896
4866
509
8340
8763
5453
4328
4760
3884
6849
926
7197
1659
9437
6933
6804
6387
2702
511
1132
1376
8388
3391
313
6413
1606
2458
5848
1224
6170
2183
7691
9909
2547
8744
3295
9761
7045
2297
5895
7101
5720
9236
3831
5490
9365
9313
2943
9292
3902
2851
6051
3416
9052
6087
8937
5661
641
1963
3304
7180
3487
6097
6879
4556
7318
7463
3314
9229
1463
1758
2420
8208
6148
6321
1338
7644
5932
3800
1696
7511
6777
2969
2302
1065
4342
2540
8237
3090
9028
993
7317
2598
5600
1738
223
3843
1557
9538
3595
9328
5266
5020
7025
8368
6559
2064
8220
1977
4164
9543
6804
2702
5096
2179
8187
1945
9856
8723
4179
9908
5685
567
26
6617
9098
8896
6501
2428
4420
1535
1856
4722
4616
711
7759
2168
8257
6079
7708
1145
791
8003
5173
5368
4221
5389
3392
6195
6746
5151
8323
6498
17
4004
9286
4149
3500
3904
2402
893
7469
5792
2566
9925
435
1163
8520
280
6772
5950
3482
3604
532
2841
5967
4077
3089
1259
7620
6056
128
1859
1761
9073
3873
3069
7771
3692
5829
9399
8932
2733
4937
1633
9171
9412
9531
7623
8689
1502
145
9215
9187
3233
5145
6900
979
4172
411
1031
2260
5830
7826
6349
1290
4726
3288
9662
3921
559
9389
5502
1700
7417
5118
492
5197
4754
2795
3204
1650
5793
8609
6676
1406
6757
2591
9096
7090
7340
7696
3060
148
9779
8036
6826
7753
9442
9613
8455
2143
8850
5532
9540
1355
5096
9254
8266
6909
9386
8973
3392
8147
5998
4949
1832
9838
2743
5606
5798
4801
584
2719
5351
8558
7782
3070
4252
6957
6126
824
9010
8919
1463
5952
6276
4085
6099
9220
4263
1636
9075
5586
1830
6110
5512
1599
9044
4329
6634
6288
438
5829
9465
5304
820
9956
5734
474
3740
5834
1032
6434
8919
1346
1385
2324
9250
8220
2153
7095
2936
6717
7874
4424
8084
456
6682
9843
5399
6149
2173
7867
3967
8124
4476
6648
2600
3677
9865
1200
7799
5642
4419
1550
6997
2057
7110
1102
5571
1553
9020
3977
4499
6300
5411
9395
8011
743
6384
8872
7519
1063
7958
6621
4127
7616
6256
4724
5921
9636
5869
6002
4326
9728
6007
9937
5316
256
4462
1780
3540
9097
946
7144
7845
4319
3859
655
8186
8785
6865
6874
3290
906
5357
6810
5357
4779
2075
8965
6456
2650
684
6421
3551
354
8531
2084
6589
7787
9581
7860
4798
2989
6200
7570
9702
6020
1240
7831
2334
4334
3565
3160
1294
2297
2066
2446
7865
7226
6985
9285
3653
2991
6662
3333
9935
4297
3247
3448
6668
3322
1979
7762
3015
4179
4614
5503
1700
9774
2721
8758
1989
2994
2102
3934
3640
7110
9538
1098
4780
162
6835
206
9042
8876
8413
3821
1065
1145
1869
6687
5828
4826
9382
7207
7507
7646
1745
5248
2891
1260
6136
7562
6797
4264
2918
6652
349
2082
5232
6407
9831
5572
6191
6094
2118
475
4630
1405
2257
9860
4567
3667
9321
3951
7709
3424
1966
1995
1466
4182
1919
2783
7728
7456
6111
1439
7878
6426
4138
6030
9970
967
699
5622
5833
3765
1589
9051
5704
3511
2797
4605
563
687
4083
7977
8737
558
9857
3590
9325
3730
9101
5534
173
6404
1457
9435
3905
4326
1176
8808
7655
3436
370
801
3203
5231
2017
2053
8229
457
7249
8172
6176
8091
1709
4685
3806
2470
5763
4116
4032
4190
345
2909
25
9769
7687
320
4910
8086
785
8688
7170
8143
1772
5560
3272
2989
5849
2282
5377
4651
687
5606
945
9448
7106
523
3787
763
5617
3021
580
6483
8493
890
8252
1358
2326
7368
9993
6418
7911
5800
2483
1762
8796
277
5445
6963
2329
4463
2606
8556
6995
2158
4387
4860
4609
9004
9668
4797
7287
1400
2691
4039
1985
6869
4511
5880
9341
5948
5027
6895
8245
7128
5343
1090
9135
1989
7327
8347
1960
1266
8048
2274
1004
6476
6636
5214
7158
3225
122
6772
6279
1267
9908
6315
4528
861
342
5741
8701
9467
1474
9650
8474
4391
4597
8024
7932
5529
7772
5545
5644
9005
1585
1959
4510
3934
9270
6118
3963
3311
2352
651
5911
6504
7708
7802
9495
5470
8341
218
1891
2073
8702
7386
7307
663
7779
2449
4401
8516
9573
3653
3693
5699
3929
719
7509
9869
438
4122
6828
7828
6977
7034
7507
2089
4373
8613
1377
5332
3271
2958
1220
180
9660
6883
352
4692
9640
616
325
7480
6808
5936
8984
3838
9328
6418
115
4717
6298
5671
9812
9185
2064
9807
7275
41
7068
4044
2603
717
7072
1694
477
8122
5352
6391
3872
5208
4733
1554
7934
5599
9424
9082
5859
3908
9759
4407
2719
6657
2271
5648
8806
4339
1690
1416
7876
9531
7579
6358
7841
945
5277
7270
7260
6004
6695
430
8010
6189
6890
7263
2091
6927
8216
9541
4812
3624
5050
8544
9640
7923
5406
2310
5343
3058
6882
4391
8474
5424
3768
8675
6429
4048
9558
9319
5196
4891
1143
5440
3882
6204
6910
995
4666
3431
4128
834
6950
1532
9050
6262
